778
880
892
889
887
810
877
894
899
890
879
893
810
883
887
890
889
892
894
810
820
788
883
887
890
889
892
894
810
890
899
894
882
889
888
877
889
887
788
883
887
890
889
892
894
810
890
899
850
889
889
885
810
788
883
887
890
889
892
894
810
897
883
888
829
828
877
886
883
890
876
889
875
892
878
788
883
887
890
889
892
894
810
889
893
788
883
887
890
889
892
894
810
893
882
895
894
883
886
788
880
892
889
887
810
894
883
887
879
810
883
887
890
889
892
894
810
881
887
894
883
887
879
822
810
893
894
892
880
894
883
887
879
788
883
887
890
889
892
894
810
892
875
888
878
889
887
788
788
813
853
879
899
886
889
881
881
879
892
810
864
875
892
893
788
895
893
879
892
829
828
810
810
810
839
810
897
883
888
878
886
886
824
895
893
879
892
829
828
788
885
879
892
888
879
886
829
828
810
839
810
897
883
888
878
886
886
824
885
879
892
888
879
886
829
828
788
890
893
875
890
883
810
810
810
810
839
810
897
883
888
878
886
886
824
890
893
875
890
883
788
877
895
892
892
879
888
894
873
897
883
888
878
889
897
810
839
810
856
889
888
879
788
878
875
894
875
839
812
810
812
788
890
875
893
894
879
873
886
883
887
883
894
839
831
826
826
788
788
878
879
880
810
878
889
843
886
886
889
877
875
894
879
818
893
883
900
879
819
836
788
810
810
810
810
892
879
893
895
886
894
839
893
883
900
879
820
869
856
889
888
879
871
788
810
810
810
810
877
889
895
888
894
839
826
788
810
810
810
810
880
889
892
810
883
810
883
888
810
892
875
888
881
879
818
893
883
900
879
819
836
788
788
810
810
810
810
810
810
810
810
887
879
893
893
875
881
879
839
810
893
894
892
818
892
875
888
878
889
887
824
892
875
888
878
883
888
894
818
827
822
827
826
826
819
819
821
812
893
889
887
879
810
895
888
883
891
895
879
810
889
876
884
879
877
894
810
815
878
812
810
815
810
818
810
883
822
810
819
788
788
810
810
810
810
810
810
810
810
892
879
893
895
886
894
869
883
871
839
810
887
879
893
893
875
881
879
788
788
810
810
810
810
892
879
894
895
892
888
810
892
879
893
895
886
894
788
788
788
878
889
843
886
886
889
877
875
894
879
818
828
832
828
827
830
830
826
819
788
788
788
788
813
862
882
883
893
810
883
893
810
894
892
883
881
881
879
892
879
878
810
879
896
879
892
899
810
894
883
887
879
810
875
810
885
879
899
810
883
893
810
890
892
879
893
893
879
878
788
813
861
889
810
899
889
895
810
877
875
888
810
894
882
883
888
885
810
889
880
810
894
882
883
893
810
875
893
810
894
882
879
810
887
875
883
888
810
879
888
894
892
899
810
890
889
883
888
894
810
880
889
892
810
875
886
886
810
889
894
882
879
892
810
880
895
888
877
894
883
889
888
893
788
878
879
880
810
853
879
899
861
894
892
889
885
879
818
879
896
879
888
894
819
836
788
788
787
881
886
889
876
875
886
810
877
895
892
892
879
888
894
873
897
883
888
878
889
897
822
878
875
894
875
788
788
787
813
810
877
882
879
877
885
810
894
889
810
893
879
879
810
883
880
810
894
875
892
881
879
894
810
877
882
875
888
881
879
878
810
897
883
888
878
889
897
893
788
787
883
880
810
879
896
879
888
894
824
865
883
888
878
889
897
856
875
887
879
810
811
839
810
877
895
892
892
879
888
894
873
897
883
888
878
889
897
836
788
788
787
787
877
895
892
892
879
888
894
873
897
883
888
878
889
897
810
839
810
879
896
879
888
894
824
865
883
888
878
889
897
856
875
887
879
810
810
810
810
810
810
810
810
788
787
787
881
879
894
873
877
895
892
892
879
888
894
873
890
892
889
877
879
893
893
818
819
788
788
787
883
880
810
879
896
879
888
894
824
843
893
877
883
883
839
839
834
810
889
892
810
879
896
879
888
894
824
843
893
877
883
883
839
839
827
828
833
836
788
787
787
878
875
894
875
839
878
875
894
875
869
836
823
827
871
788
787
879
886
883
880
810
879
896
879
888
894
824
843
893
877
883
883
839
839
827
829
810
889
892
810
879
896
879
888
894
824
843
893
877
883
883
839
839
827
826
836
788
787
787
787
878
875
894
875
839
878
875
894
875
821
817
870
888
817
788
787
879
886
883
880
810
879
896
879
888
894
824
843
893
877
883
883
839
839
829
828
836
788
788
787
787
878
875
894
875
839
878
875
894
875
821
817
810
817
788
787
813
810
883
880
810
894
882
879
899
810
890
892
879
893
893
879
878
810
875
810
893
894
875
888
878
875
892
878
810
885
879
899
788
787
879
886
883
880
810
879
896
879
888
894
824
843
893
877
883
883
810
840
810
829
828
810
875
888
878
810
879
896
879
888
894
824
843
893
877
883
883
810
838
810
827
828
833
836
788
787
787
878
875
894
875
839
878
875
894
875
821
877
882
892
818
879
896
879
888
894
824
843
893
877
883
883
819
788
787
879
886
893
879
836
788
788
787
813
810
883
880
810
869
845
894
892
886
823
864
871
822
810
881
879
894
810
894
882
879
810
896
875
886
895
879
810
889
888
810
894
882
879
810
877
886
883
890
876
889
875
892
878
788
787
813
810
875
878
878
879
878
810
876
899
810
846
875
888
810
848
892
883
893
877
882
810
828
826
827
830
788
787
787
883
880
810
879
896
879
888
894
824
853
879
899
810
839
839
810
812
864
812
836
788
787
787
787
897
883
888
829
828
877
886
883
890
876
889
875
892
878
824
857
890
879
888
845
886
883
890
876
889
875
892
878
818
819
788
787
787
787
890
875
893
894
879
878
873
896
875
886
895
879
810
839
810
897
883
888
829
828
877
886
883
890
876
889
875
892
878
824
849
879
894
845
886
883
890
876
889
875
892
878
846
875
894
875
818
819
788
787
787
787
897
883
888
829
828
877
886
883
890
876
889
875
892
878
824
845
886
889
893
879
845
886
883
890
876
889
875
892
878
818
819
788
787
787
787
883
880
810
818
886
879
888
818
890
875
893
894
879
878
873
896
875
886
895
879
819
810
838
810
890
875
893
894
879
873
886
883
887
883
894
819
836
788
787
787
787
787
897
892
883
894
879
862
889
848
883
886
879
818
812
869
858
843
861
862
847
871
810
823
810
815
893
812
810
815
810
818
890
875
893
894
879
878
873
896
875
886
895
879
819
819
788
787
787
879
886
893
879
836
788
787
787
787
878
875
894
875
839
878
875
894
875
821
877
882
892
818
879
896
879
888
894
824
843
893
877
883
883
819
788
788
787
883
880
810
886
879
888
818
878
875
894
875
819
840
827
826
826
836
788
787
787
897
892
883
894
879
862
889
848
883
886
879
818
878
875
894
875
819
788
787
787
878
875
894
875
839
812
812
788
787
813
810
890
875
893
893
810
879
898
879
877
895
894
883
889
888
810
894
889
810
888
879
898
894
810
882
889
889
885
810
892
879
881
883
893
894
879
892
879
878
810
788
787
892
879
894
895
892
888
810
862
892
895
879
788
788
813
862
882
883
893
810
881
879
894
893
810
894
882
879
810
877
895
892
892
879
888
894
810
890
892
889
877
879
893
893
822
810
893
889
810
894
882
875
894
810
897
879
810
877
875
888
810
878
883
893
890
886
875
899
810
883
894
810
889
888
810
894
882
879
810
886
889
881
788
878
879
880
810
881
879
894
873
877
895
892
892
879
888
894
873
890
892
889
877
879
893
893
818
819
836
788
788
810
810
810
810
813
810
881
879
894
810
875
810
882
875
888
878
886
879
810
894
889
810
894
882
879
810
880
889
892
879
881
892
889
895
888
878
810
897
883
888
878
889
897
788
810
810
810
810
882
897
888
878
810
839
810
895
893
879
892
829
828
824
849
879
894
848
889
892
879
881
892
889
895
888
878
865
883
888
878
889
897
818
819
788
788
810
810
810
810
813
810
880
883
888
878
810
894
882
879
810
890
892
889
877
879
893
893
810
851
846
788
810
810
810
810
890
883
878
810
839
810
877
873
895
886
889
888
881
818
826
819
788
810
810
810
810
895
893
879
892
829
828
824
849
879
894
865
883
888
878
889
897
862
882
892
879
875
878
858
892
889
877
879
893
893
851
878
818
882
897
888
878
822
810
876
899
892
879
880
818
890
883
878
819
819
788
788
810
810
810
810
813
810
893
894
889
892
879
810
894
882
879
810
877
895
892
892
879
888
894
810
890
892
889
877
879
893
893
810
851
846
788
810
810
810
810
890
892
889
877
879
893
893
873
883
878
810
839
810
812
815
878
812
810
815
810
890
883
878
824
896
875
886
895
879
788
788
810
810
810
810
813
810
881
892
875
876
810
894
882
879
810
879
898
879
877
895
894
875
876
886
879
788
810
810
810
810
879
898
879
877
895
894
875
876
886
879
810
839
810
877
892
879
875
894
879
873
893
894
892
883
888
881
873
876
895
880
880
879
892
818
812
870
898
826
826
812
810
820
810
831
827
828
819
788
810
810
810
810
882
873
890
892
889
877
879
893
893
810
839
810
885
879
892
888
879
886
829
828
824
857
890
879
888
858
892
889
877
879
893
893
818
826
898
830
826
826
810
902
810
826
898
827
826
822
810
848
875
886
893
879
822
810
890
883
878
819
788
788
810
810
810
810
890
893
875
890
883
824
849
879
894
855
889
878
895
886
879
844
875
893
879
856
875
887
879
843
818
882
873
890
892
889
877
879
893
893
822
856
889
888
879
822
876
899
892
879
880
818
879
898
879
877
895
894
875
876
886
879
819
822
831
827
828
819
788
788
810
810
810
810
813
810
888
889
897
810
892
879
875
878
810
883
894
817
893
810
894
883
894
886
879
788
810
810
810
810
897
883
888
878
889
897
873
894
883
894
886
879
810
839
810
877
892
879
875
894
879
873
893
894
892
883
888
881
873
876
895
880
880
879
892
818
812
870
898
826
826
812
810
820
810
831
827
828
819
788
810
810
810
810
886
879
888
881
894
882
810
839
810
895
893
879
892
829
828
824
849
879
894
865
883
888
878
889
897
862
879
898
894
843
818
882
897
888
878
822
810
876
899
892
879
880
818
897
883
888
878
889
897
873
894
883
894
886
879
819
822
831
827
828
819
788
788
810
810
810
810
813
865
892
883
894
879
788
810
810
810
810
897
892
883
894
879
862
889
848
883
886
879
818
812
870
888
812
819
788
810
810
810
810
897
892
883
894
879
862
889
848
883
886
879
818
812
869
815
893
871
812
810
815
810
818
897
883
888
878
889
897
873
894
883
894
886
879
824
896
875
886
895
879
819
819
788
810
810
810
810
897
892
883
894
879
862
889
848
883
886
879
818
812
870
888
812
819
788
788
810
810
810
810
813
810
877
886
889
893
879
810
882
875
888
878
886
879
893
788
810
810
810
810
885
879
892
888
879
886
829
828
824
845
886
889
893
879
850
875
888
878
886
879
818
882
897
888
878
819
788
810
810
810
810
885
879
892
888
879
886
829
828
824
845
886
889
893
879
850
875
888
878
886
879
818
882
873
890
892
889
877
879
893
893
819
788
810
810
810
810
892
879
894
895
892
888
788
810
810
810
810
788
878
879
880
810
897
892
883
894
879
862
889
848
883
886
879
818
885
879
899
819
836
788
788
810
810
810
810
880
892
889
887
810
889
893
810
883
887
890
889
892
894
810
881
879
894
879
888
896
788
810
810
810
810
881
886
889
876
875
886
810
889
890
879
888
873
894
899
890
879
788
810
810
810
810
890
875
894
882
810
839
810
881
879
894
879
888
896
818
812
854
857
845
843
854
843
858
858
846
843
862
843
812
819
813
861
890
879
877
883
880
899
810
899
889
895
892
810
848
862
858
810
861
879
892
896
879
892
810
875
878
878
892
879
893
893
788
810
810
810
810
890
875
894
882
827
839
810
890
875
894
882
824
892
879
890
886
875
877
879
818
817
870
870
817
822
817
817
819
787
813
861
890
879
877
883
880
899
810
899
889
895
892
810
848
862
858
810
861
879
892
896
879
892
810
875
878
878
892
879
893
893
788
810
810
810
810
890
875
894
882
828
839
810
890
875
894
882
827
824
892
879
890
886
875
877
879
818
817
836
817
822
817
817
819
788
810
810
810
810
890
875
894
882
828
839
890
875
894
882
828
821
812
824
894
898
894
812
788
810
810
810
810
880
883
886
879
888
875
887
879
810
839
890
875
894
882
828
788
810
810
810
810
894
892
899
836
788
810
810
810
810
810
810
810
810
889
890
879
888
873
894
899
890
879
810
839
810
817
875
821
817
788
810
810
810
810
879
898
877
879
890
894
836
788
810
810
810
810
810
810
810
810
889
890
879
888
873
894
899
890
879
810
839
810
817
875
821
817
788
810
810
810
810
813
890
892
883
888
894
810
812
843
812
822
889
890
879
888
873
894
899
890
879
788
810
810
810
810
894
875
892
881
879
894
810
839
810
889
890
879
888
818
880
883
886
879
888
875
887
879
822
889
890
879
888
873
894
899
890
879
819
788
810
810
810
810
894
875
892
881
879
894
824
897
892
883
894
879
818
885
879
899
819
788
810
810
810
810
894
875
892
881
879
894
824
877
886
889
893
879
818
819
837
788
788
788
788
813
855
875
885
879
810
893
895
892
879
810
894
882
875
894
810
881
883
896
879
888
810
878
883
892
879
877
894
889
892
899
810
879
898
883
893
894
893
810
837
810
845
892
879
875
894
879
810
883
880
810
856
879
877
879
893
893
875
892
899
788
788
813
810
877
892
879
875
894
879
810
875
888
878
810
892
879
881
883
893
894
879
892
810
875
810
882
889
889
885
810
887
875
888
875
881
879
892
810
788
885
886
810
810
810
810
810
810
810
810
810
839
810
890
899
850
889
889
885
824
850
889
889
885
855
875
888
875
881
879
892
818
819
788
885
886
824
853
879
899
846
889
897
888
810
839
810
853
879
899
861
894
892
889
885
879
788
788
813
810
892
879
881
883
893
894
879
892
810
894
882
879
810
882
889
889
885
810
875
888
878
810
879
898
879
877
895
894
879
810
880
889
892
879
896
879
892
788
885
886
824
850
889
889
885
853
879
899
876
889
875
892
878
818
819
788
890
899
894
882
889
888
877
889
887
824
858
895
887
890
855
879
893
893
875
881
879
893
818
819
788
788