725
757
735
830
834
837
836
839
841
757
827
841
837
833
830
823
735
827
839
836
834
757
836
840
757
830
834
837
836
839
841
757
828
826
841
826
835
843
735
830
834
837
836
839
841
757
841
830
834
826
735
830
834
837
836
839
841
757
839
822
835
825
836
834
735
735
735
825
826
827
757
825
836
790
833
833
836
824
822
841
826
765
840
830
847
826
766
783
735
757
757
757
757
839
826
840
842
833
841
786
840
830
847
826
767
816
803
836
835
826
818
735
757
757
757
757
824
836
842
835
841
786
773
735
757
757
757
757
827
836
839
757
830
757
830
835
757
839
822
835
828
826
765
840
830
847
826
766
783
735
735
757
757
757
757
757
757
757
757
834
826
840
840
822
828
826
786
757
840
841
839
765
839
822
835
825
836
834
771
839
822
835
825
830
835
841
765
774
769
774
773
773
766
766
768
759
840
836
834
826
757
842
835
830
838
842
826
757
836
823
831
826
824
841
757
762
825
759
757
762
757
765
757
830
769
757
766
735
735
757
757
757
757
757
757
757
757
839
826
840
842
833
841
816
830
818
786
757
834
826
840
840
822
828
826
735
757
757
757
757
839
826
841
842
839
835
757
839
826
840
842
833
841
735
735
735
825
836
790
833
833
836
824
822
841
826
765
775
779
775
774
777
777
773
766
735
837
839
830
835
841
757
759
790
833
833
836
824
822
841
826
825
759
735
735
837
822
841
829
757
786
757
828
826
841
826
835
843
765
759
801
804
792
790
801
790
805
805
793
790
809
790
759
766
760
808
837
826
824
830
827
846
757
846
836
842
839
757
795
809
805
757
808
826
839
843
826
839
757
822
825
825
839
826
840
840
735
837
822
841
829
774
786
757
837
822
841
829
771
839
826
837
833
822
824
826
765
764
817
817
764
769
764
764
766
734
760
808
837
826
824
830
827
846
757
846
836
842
839
757
795
809
805
757
808
826
839
843
826
839
757
822
825
825
839
826
840
840
735
837
822
841
829
775
786
757
837
822
841
829
774
771
839
826
837
833
822
824
826
765
764
783
764
769
764
764
766
768
764
771
841
845
841
764
735
735
827
837
786
836
837
826
835
765
837
822
841
829
775
769
764
844
768
764
766
735
827
837
771
824
833
836
840
826
735
735
825
826
827
757
827
841
837
765
837
822
841
829
775
766
783
735
757
757
757
757
844
829
830
833
826
757
809
839
842
826
783
735
757
757
757
757
757
757
757
757
841
839
846
783
735
757
757
757
757
757
757
757
757
757
757
757
757
837
839
830
835
841
757
759
842
837
833
836
822
825
830
835
828
759
735
757
757
757
757
757
757
757
757
757
757
757
757
808
794
807
811
794
807
786
759
827
830
833
826
840
771
773
773
773
844
826
823
829
836
840
841
771
824
836
834
759
757
760
808
837
826
824
830
827
846
757
846
836
842
839
757
795
809
805
757
808
826
839
843
826
839
757
822
825
825
839
826
840
840
735
757
757
757
757
757
757
757
757
757
757
757
757
810
808
794
807
803
790
802
794
786
759
839
822
831
840
829
839
826
826
847
822
825
826
773
774
759
757
760
808
837
826
824
830
827
846
757
846
836
842
839
757
795
809
805
757
810
840
826
839
835
822
834
826
735
757
757
757
757
757
757
757
757
757
757
757
757
805
790
808
808
812
804
807
793
786
759
774
775
776
777
778
779
780
781
759
757
760
808
837
826
824
830
827
846
757
846
836
842
839
757
795
809
805
757
805
822
840
840
844
836
839
825
735
757
757
757
757
757
757
757
757
757
757
757
757
808
808
801
786
773
757
760
808
826
841
757
774
757
827
836
839
757
808
808
801
757
822
835
825
757
773
757
827
836
839
757
835
836
839
834
822
833
757
824
836
835
835
826
824
841
830
836
835
735
757
757
757
757
757
757
757
757
757
757
757
757
804
810
809
805
810
809
820
793
798
807
786
759
772
759
757
760
808
837
826
824
830
827
846
757
836
842
841
837
842
841
757
825
830
839
826
824
841
836
839
846
757
829
826
839
826
735
757
757
757
757
757
757
757
757
757
757
757
757
830
827
757
808
808
801
786
786
773
783
735
757
757
757
757
757
757
757
757
757
757
757
757
757
757
757
757
827
841
786
827
841
837
833
830
823
771
795
809
805
765
808
794
807
811
794
807
769
810
808
794
807
803
790
802
794
769
805
790
808
808
812
804
807
793
766
735
757
757
757
757
757
757
757
757
757
757
757
757
826
833
830
827
757
808
808
801
786
786
774
783
735
757
757
757
757
757
757
757
757
757
757
757
757
757
757
757
757
827
841
786
827
841
837
833
830
823
771
795
809
805
820
809
801
808
765
808
794
807
811
794
807
769
810
808
794
807
803
790
802
794
769
805
790
808
808
812
804
807
793
766
735
757
757
757
757
757
757
757
757
757
757
757
757
827
841
771
824
844
825
765
804
810
809
805
810
809
820
793
798
807
766
735
757
757
757
757
757
757
757
757
757
757
757
757
827
837
786
836
837
826
835
765
837
822
841
829
775
769
764
839
823
764
766
735
757
757
757
757
757
757
757
757
757
757
757
757
824
834
825
786
757
764
808
809
804
807
764
757
768
764
757
764
768
837
822
841
829
775
735
757
757
757
757
757
757
757
757
757
757
757
757
827
841
771
840
841
836
839
823
830
835
822
839
846
765
824
834
825
769
827
837
766
735
757
757
757
757
757
757
757
757
757
757
757
757
827
841
771
838
842
830
841
765
766
735
757
757
757
757
757
757
757
757
757
757
757
757
827
837
771
824
833
836
840
826
765
766
735
757
757
757
757
757
757
757
757
757
757
757
757
837
839
830
835
841
757
759
842
837
833
836
822
825
826
825
759
757
735
757
757
757
757
757
757
757
757
826
845
824
826
837
841
757
794
845
824
826
837
841
830
836
835
757
822
840
757
826
783
735
757
757
757
757
757
757
757
757
757
757
757
757
837
839
830
835
841
765
826
766
735
757
757
757
757
757
757
757
757
841
830
834
826
771
840
833
826
826
837
765
779
773
766
734
735
757
757
757
757
839
826
841
842
839
835
757
809
839
842
826
735
735
827
841
837
765
837
822
841
829
775
766
735
