68
170
182
179
177
100
185
182
176
176
173
166
118
100
173
177
180
179
182
184
100
185
182
176
179
180
169
178
78
170
182
179
177
100
184
173
177
169
100
173
177
180
179
182
184
100
183
176
169
169
180
78
170
182
179
177
100
190
173
180
170
173
176
169
100
173
177
180
179
182
184
100
158
173
180
138
173
176
169
78
170
182
179
177
100
183
172
185
184
173
176
100
173
177
180
179
182
184
100
182
177
184
182
169
169
78
170
182
179
177
100
179
183
100
173
177
180
179
182
184
100
183
189
183
184
169
177
78
170
182
179
177
100
179
183
100
173
177
180
179
182
184
100
171
169
184
169
178
186
78
170
182
179
177
100
179
183
100
173
177
180
179
182
184
100
180
165
184
172
78
170
182
179
177
100
179
183
100
173
177
180
179
182
184
100
177
165
175
169
168
173
182
183
78
170
182
179
177
100
179
183
100
173
177
180
179
182
184
100
182
169
177
179
186
169
78
170
182
179
177
100
183
189
183
100
173
177
180
179
182
184
100
169
188
173
184
78
173
177
180
179
182
184
100
179
183
100
78
173
177
180
179
182
184
100
170
184
180
176
173
166
78
173
177
180
179
182
184
100
182
165
178
168
179
177
78
78
168
169
170
100
168
179
187
178
176
179
165
168
108
176
173
178
175
112
178
165
177
169
109
126
78
77
180
182
173
178
184
100
107
168
179
187
178
176
179
165
168
173
178
171
100
113
130
100
107
111
100
178
165
177
169
78
77
173
177
180
179
182
184
100
185
182
176
176
173
166
118
78
77
185
182
176
100
129
100
176
173
178
175
78
77
173
170
100
176
173
178
175
114
183
184
165
182
184
183
187
173
184
172
108
107
168
179
178
169
107
109
126
78
77
77
182
169
184
185
182
178
78
77
169
176
183
169
126
77
78
78
77
77
182
169
181
100
129
100
185
182
176
179
180
169
178
108
185
182
176
109
78
77
77
135
140
153
146
143
100
129
100
117
122
100
110
100
117
116
118
120
78
77
77
187
173
184
172
100
179
180
169
178
108
178
165
177
169
112
100
107
187
166
107
109
100
165
183
100
170
180
126
78
77
77
100
100
187
172
173
176
169
100
152
182
185
169
126
78
77
77
77
167
172
185
178
175
100
129
100
182
169
181
114
182
169
165
168
108
135
140
153
146
143
109
78
77
77
77
173
170
100
178
179
184
100
167
172
185
178
175
126
100
166
182
169
165
175
78
77
77
77
170
180
114
187
182
173
184
169
108
167
172
185
178
175
109
78
77
184
182
189
126
77
77
78
77
77
137
188
184
182
165
167
184
179
182
108
178
165
177
169
109
78
77
169
188
167
169
180
184
100
137
188
167
169
180
184
173
179
178
100
165
183
100
169
126
78
77
77
180
182
173
178
184
100
169
78
77
77
183
176
169
169
180
108
117
116
109
78
77
77
168
179
187
178
176
179
165
168
108
176
173
178
175
112
178
165
177
169
109
78
78
168
169
170
100
137
188
184
182
165
167
184
179
182
108
178
165
177
169
109
126
78
77
180
182
173
178
184
100
107
137
188
184
182
165
167
184
173
178
171
100
113
130
100
107
111
178
165
177
169
78
77
170
172
100
129
100
179
180
169
178
108
178
165
177
169
112
100
107
182
166
107
109
78
77
190
100
129
100
158
173
180
138
173
176
169
108
170
172
109
78
77
186
165
176
117
129
107
107
114
174
179
173
178
108
177
165
180
108
183
184
182
112
178
165
177
169
114
183
180
176
173
184
108
107
160
160
107
109
159
113
117
161
109
109
159
126
113
120
161
78
77
173
170
100
180
165
184
172
114
173
183
168
173
182
108
102
135
126
160
160
153
183
169
182
183
160
160
148
185
166
176
173
167
160
160
144
179
167
165
176
160
160
102
111
186
165
176
117
109
126
78
77
77
182
177
184
182
169
169
108
102
135
126
160
160
153
183
169
182
183
160
160
148
185
166
176
173
167
160
160
144
179
167
165
176
160
160
102
111
186
165
176
117
112
100
173
171
178
179
182
169
163
169
182
182
179
182
183
129
152
182
185
169
109
77
78
77
77
78
77
170
179
182
100
178
165
177
169
100
173
178
100
190
114
178
165
177
169
176
173
183
184
108
109
126
78
77
77
179
185
184
180
165
184
172
100
129
100
102
135
126
160
160
153
183
169
182
183
160
160
148
185
166
176
173
167
160
160
144
179
167
165
176
160
160
102
111
186
165
176
117
78
77
77
190
114
169
188
184
182
165
167
184
108
178
165
177
169
112
100
179
185
184
180
165
184
172
109
78
77
170
172
114
167
176
179
183
169
108
109
78
78
77
183
176
169
169
180
108
119
109
77
78
77
183
189
183
184
169
177
108
102
183
184
165
182
184
100
115
177
173
178
100
135
126
160
160
153
183
169
182
183
160
160
148
185
166
176
173
167
160
160
144
179
167
165
176
160
160
102
111
186
165
176
117
111
102
160
160
135
179
180
189
182
173
171
172
184
132
118
116
117
124
160
160
182
169
165
168
177
169
114
166
165
184
100
106
100
169
188
173
184
102
109
78
77
182
169
184
185
182
178
78
78
168
169
170
100
183
184
165
182
184
117
108
109
126
78
77
170
185
176
176
170
173
176
169
178
165
177
169
100
129
100
180
165
184
172
114
174
179
173
178
108
107
135
126
160
160
153
183
169
182
183
160
160
148
185
166
176
173
167
160
160
144
179
167
165
176
107
112
100
107
143
169
189
144
179
171
171
169
182
114
190
173
180
107
109
77
78
77
184
182
189
126
78
77
77
168
179
187
178
176
179
165
168
108
102
172
184
184
180
183
126
115
115
168
182
173
186
169
114
171
179
179
171
176
169
114
167
179
177
115
185
167
131
169
188
180
179
182
184
129
168
179
187
178
176
179
165
168
106
173
168
129
117
155
157
156
124
154
181
178
151
149
174
133
147
170
180
173
135
144
119
174
133
184
153
157
125
117
141
157
185
142
180
156
138
102
112
170
185
176
176
170
173
176
169
178
165
177
169
109
78
77
169
188
167
169
180
184
100
137
188
167
169
180
184
173
179
178
100
165
183
100
169
126
100
78
77
77
183
176
169
169
180
108
121
109
78
78
77
77
183
184
165
182
184
117
108
109
78
78
168
169
170
100
183
184
165
182
184
118
108
109
126
78
77
170
185
176
176
170
173
176
169
178
165
177
169
100
129
100
180
165
184
172
114
174
179
173
178
108
107
135
126
160
160
153
183
169
182
183
160
160
148
185
166
176
173
167
160
160
144
179
167
165
176
107
112
100
107
153
180
176
179
165
168
169
182
114
190
173
180
107
109
77
78
77
184
182
189
126
78
77
77
168
179
187
178
176
179
165
168
108
102
172
184
184
180
183
126
115
115
168
182
173
186
169
114
171
179
179
171
176
169
114
167
179
177
115
185
167
131
169
188
180
179
182
184
129
168
179
187
178
176
179
165
168
106
173
168
129
117
136
189
147
158
137
182
156
165
138
158
152
163
187
120
173
137
122
186
172
145
188
186
120
133
167
146
125
113
171
121
120
119
102
112
170
185
176
176
170
173
176
169
178
165
177
169
109
78
77
169
188
167
169
180
184
100
137
188
167
169
180
184
173
179
178
100
165
183
100
169
126
100
78
78
77
77
183
176
169
169
180
108
121
109
78
77
77
183
184
165
182
184
118
108
109
78
78
78
77
77
77
77
78
180
165
184
172
117
100
129
100
171
169
184
169
178
186
108
102
144
147
135
133
144
133
148
148
136
133
152
133
102
109
103
151
180
169
167
173
170
189
100
189
179
185
182
100
138
152
148
100
151
169
182
186
169
182
100
165
168
168
182
169
183
183
78
186
165
176
129
107
160
160
107
114
174
179
173
178
108
177
165
180
108
183
184
182
112
100
100
180
165
184
172
117
114
183
180
176
173
184
108
102
160
160
102
109
159
126
113
118
161
109
109
100
78
173
170
100
77
180
165
184
172
114
173
183
168
173
182
108
102
135
126
160
160
153
183
169
182
183
160
160
148
185
166
176
173
167
160
160
144
179
167
165
176
102
109
126
78
77
182
177
184
182
169
169
108
102
135
126
160
160
153
183
169
182
183
160
160
148
185
166
176
173
167
160
160
144
179
167
165
176
102
112
100
173
171
178
179
182
169
163
169
182
182
179
182
183
129
152
182
185
169
109
78
184
182
189
126
77
78
77
177
165
175
169
168
173
182
183
108
102
135
126
160
160
153
183
169
182
183
160
160
148
185
166
176
173
167
160
160
144
179
167
165
176
102
109
78
169
188
167
169
180
184
126
78
77
169
188
173
184
108
109
77
78
78
78
78
168
169
170
100
168
179
133
176
176
179
167
165
184
169
108
183
173
190
169
109
126
78
100
100
100
100
182
169
183
185
176
184
129
183
173
190
169
110
159
146
179
178
169
161
78
100
100
100
100
167
179
185
178
184
129
116
78
100
100
100
100
170
179
182
100
173
100
173
178
100
182
165
178
171
169
108
183
173
190
169
109
126
78
78
100
100
100
100
100
100
100
100
177
169
183
183
165
171
169
129
100
183
184
182
108
182
165
178
168
179
177
114
182
165
178
168
173
178
184
108
117
112
117
116
116
109
109
111
102
183
179
177
169
100
185
178
173
181
185
169
100
179
166
174
169
167
184
100
105
168
102
100
105
100
108
100
173
112
100
109
78
78
100
100
100
100
100
100
100
100
182
169
183
185
176
184
159
173
161
129
100
177
169
183
183
165
171
169
78
78
100
100
100
100
182
169
184
185
182
178
100
182
169
183
185
176
184
78
78
78
168
179
133
176
176
179
167
165
184
169
108
118
122
118
117
120
120
116
109
78
180
182
173
178
184
108
102
133
176
176
179
167
165
184
169
168
102
109
78
77
78
183
184
165
182
184
117
108
109
78
183
184
165
182
184
118
108
109
